image: map_autonomous.pgm
resolution: 0.050000
origin: [-7.434805, -0.638213, 0.000000]
negate: 0
occupied_thresh: 0.65
free_thresh: 0.196

